7101
4275
54072
11673
9184
4530
117850
30420
8090
9481
9656
189497
10045
264246
64794
136693
385255
135656
138
12059
8782
34696
8817
194
5774
8292
59728
3704
41004
31931
858326
40213
295246
8063
5690
4642
8400
8089
810
30538
6499
112509
13443
9615
7995
8790
79338
649474
7041
86362
1074817
124307
376911
859912
342054
58066
32611
4074
8612
8016
1401316
48138
9727
7381
1107390
286
9796
11646
31022
9995
7456
4678
6237
9171
8789
8903
13488
48283
274080
322730
33554
8342
269051
4097
7858
32523
51679
9605
52201
8783
7895
121180
7034
1178312
1
341683
1337349
304217
94328
32630
35549
1271638
13337
43068
551299
1294634
258023
9780
13103
84804
8121
322741
9709
42756
10535
33208
119197
11590
7863
32524
7746
10026
9364
7885
1385265
108522
134415
106761
4053
11272
36252
122836
230979
695612
9292
9048
64279
8802
12939
45202
9989
862507
41568
40156
3036
8821
6134
9397
38610
1338366
376232
9539
7524
9172
7851
561
54769
9103
71179
9721
48722
1763
9263
37611
9164
124350
9788
523289
9940
80614
9665
117980
9376
513343
204969
43646
9223
30458
5882
333870
2713
314295
9224
9300
117851
160821
398849
32644
7742
6605
10624
149625
876021
96902
4230
7935
173331
86376
9265
112159
8335
55979
8342
59837
1369087
7901
9913
8801
8317
245896
136690
36668
7898
111063
124370
40674
34923
9855
189528
869827
6724
163112
8711
1485
8352
30870
102290
155316
62990
4679
11138
48435
218713
47732
178515
9008
9913
7438
48275
7711
76337
4726
12060
9940
7955
302767
272805
8808
8902
9255
45033
75392
145161
9260
9437
10040
9554
3635
558017
8152
8560
143999
34735
157914
9183
8892
8164
29271
139271
39329
268541
127360
7762
238707
8126
61674
3483
121175
360966
169493
262014
111811
8495
9677
9775
7829
10624
32630
4932
9257
117893
7858
7740
13396
9347
153659
9347
9134
1829
146712
6754
286419
10067
37965
314145
37860
32644
76236
67937
1637
9669
72046
311552
118072
76720
988164
263156
8275
10633
7956
3846
9986
696863
7718
111938
5052
43574
10239
85823
9282
381124
80992
48434
12181
32644
128608
168097
158450
10345
688901
4054
9776
9443
8904
58554
183605
38608
9709
10118
118250
8941
9119
57981
9362
8511
38611
7147
137507
8930
209239
7796
7756
2708
1118549
9685
12672
8931
32560
7896
255564
7786
7772
9520
8289
6849
8555
8803
33213
10368
37296
31092
4875
30426
6960
443529
30559
3888
10781
526239
8320
81953
3066
114188
34767
106656
3482
38609
2093
40948
7991
10760
10665
409377
10150
209
7778
8830
7001
34915
91607
652916
7586
33071
10095
6696
8509
3716
4081
158455
94025
4050
10046
53313
27771
444649
8842
8220
6463
9527
6656
6656
9913
55134
34735
42644
7033
185739
201850
1051671
7962
8421
4565
9275
7208
3849
8800
1279
37334
7372
52170
36672
39616
83971
86365
12124
100370
52168
6522
36048
6083
9259
99490
723807
12331
9109
7088
6251
7900
9539
7664
47244
33892
3847
4751
30458
39367
245039
104397
5810
10090
9013
4682
9242
9606
10053
234
881913
181937
10407
120793
6752
8906
7878
3311
9596
6202
8565
32281
9187
8293
743421
64301
7897
136217
118072
385297
7778
9689
11158
103820
6447
219752
8842
9374
99568
10298
10310
2673
1214568
215167
9839
7900
32644
7129
152839
76434
69811
10783
125078
435638
90461
7890
9527
1301
28376
12138
6712
172918
11590
10158
30500
8782
3758
9751
41005
30863
629395
405018
36549
37572
9823
4544
9694
152758
6657
7915
96451
12305
8264
13615
10222
9925
8906
34902
11232
6420
3193
30828
44387
9031
998453
208877
1256375
38020
8421
62031
2759
10754
314295
8867
385256
9721
9186
270251
10358
753481
694013
8570
144708
301693
315953
9342
693430
29278
32519
33551
9996
1009818
30848
873064
153742
8796
258452
452646
8504
32524
9717
8835
7055
354777
206114
655165
343848
6447
8377
509419
33208
12058
4305
9823
1094346
79514
183494
7954
210425
8810
482
9850
138334
319760
5884
1037945
55581
119203
371929
13145
62784
155002
162683
42515
7957
320291
8493
6239
6231
1266504
102330
13336
9170
9462
9685
260964
1006837
479613
8295
36774
177434
143319
6693
117888
239491
9401
478634
29189
4031
11676
179873
121335
8903
9632
8342
49990
119287
581810
48433
123484
3883
2157
10629
8113
8274
4672
4502
97134
185542
58062
5782
256812
42513
6534
8826
99390
33511
337343
8290
304618
34256
8459
9596
9312
7460
12908
7041
7459
9598
9363
31658
32440
7588
9126
24208
8289
9030
3863
37068
9362
319042
987027
909703
12877
1369122
9823
49669
8247
64277
9796
30610
10116
72691
169205
72648
41489
8400
400144
9158
8066
48423
7684
84832
8895
7711
138950
32630
7995
9443
9159
347478
8383
57667
9225
12167
166845
3921
9793
229402
4930
7524
10277
9986
9726
112137
693207
123403
9406
9263
9031
82456
8561
39059
604139
1162790
